%400nm to 720nm in an interval of 10nm
Canon_1DMarkIII = [
0.0005826	0.0015345	0.0032648	0.0017968	0.0011327	0.0010138	0.0012358	0.0015814	0.0023156	0.0033231	0.0099827	0.019719	0.052282	0.11518	0.12991	0.10525	0.14334	0.28241	0.31153	0.55747	0.5377	0.49413	0.42527	0.36399	0.27563	0.21406	0.14996	0.068701	0.012535	0.0023522	0.00050291	0.00013838	4.4186e-05
0.0022632	0.0090549	0.040708	0.047983	0.069255	0.098384	0.11977	0.16981	0.31083	0.46114	0.94734	0.83935	0.89683	1	0.92794	0.87725	0.74845	0.63893	0.33715	0.32125	0.1676	0.082557	0.043512	0.029175	0.019359	0.013462	0.010043	0.0062015	0.0016749	0.00044468	0.00013311	3.9683e-05	1.7053e-05
0.010972	0.08325	0.41186	0.57035	0.71985	0.76168	0.8411	0.82581	0.78355	0.62952	0.68337	0.30674	0.14434	0.072663	0.041467	0.022853	0.010411	0.0064022	0.0032002	0.0032854	0.0022498	0.0014714	0.0012154	0.0011413	0.0013655	0.0017246	0.0019172	0.0011647	0.00023847	5.004e-05	1.6586e-05	9.5302e-06	8.494e-06];
Hasselblad_H2 = [
0.011502	0.010943	0.0098142	0.0088809	0.0093476	0.010582	0.014842	0.023967	0.028472	0.029149	0.037155	0.044464	0.050044	0.058435	0.064967	0.069375	0.059423	0.063703	0.1075	0.3031	0.46938	0.51716	0.35002	0.32339	0.23393	0.16061	0.10761	0.076421	0.047979	0.026946	0.0179	0.011725	0.0071165
0.010796	0.014396	0.018709	0.025698	0.036083	0.054893	0.095247	0.18554	0.2677	0.326	0.4745	0.68586	0.86727	1	0.9579	0.93868	0.78328	0.67155	0.476	0.31097	0.13391	0.059444	0.022136	0.018125	0.012011	0.0085566	0.0065271	0.0060953	0.0052757	0.004191	0.0038902	0.0029877	0.0018729
0.2601	0.383	0.44232	0.52019	0.58406	0.71092	0.75957	0.82743	0.8576	0.80673	0.70256	0.56078	0.38489	0.25189	0.1491	0.090586	0.05356	0.0423	0.031948	0.026033	0.018909	0.015748	0.010347	0.010878	0.0088745	0.0073815	0.0058705	0.0049875	0.0036011	0.0023955	0.0019314	0.0013961	0.00089162];
Nikon_D200 =[
0.0018193	0.0038708	0.026824	0.052216	0.03984	0.032337	0.027643	0.03134	0.03533	0.031916	0.033112	0.04109	0.068408	0.08229	0.036978	0.020338	0.022651	0.085913	0.45174	0.7935	0.69844	0.6309	0.50895	0.41911	0.32336	0.26999	0.17351	0.069569	0.014055	0.00244	0.0010628	0.00062523	0.00037755
0.0019233	0.0029811	0.022997	0.066951	0.082486	0.10762	0.15619	0.26645	0.34468	0.38234	0.54875	0.76082	0.90816	1	0.88019	0.92098	0.67471	0.56689	0.3965	0.27494	0.13136	0.06411	0.03338	0.021899	0.015473	0.012262	0.0090961	0.0052063	0.0016243	0.00045333	0.00028898	0.00020732	0.00014116
0.0057386	0.019403	0.22464	0.6404	0.71702	0.84433	0.83336	0.84318	0.76761	0.59667	0.40929	0.24069	0.10002	0.041642	0.018843	0.0090361	0.0024131	0.00141	0.00055508	0.00042896	0.00054569	0.00038823	0.00038026	0.00043686	0.0002603	0.0005734	0.0008241	0.00050455	0.00015639	6.7374e-05	5.7231e-05	4.5964e-05	3.8709e-05];
SONY_NEX_5N = [
0.0073643	0.055237	0.051835	0.043321	0.033681	0.028963	0.025	0.031318	0.034458	0.033059	0.036819	0.04791	0.075209	0.083833	0.040534	0.025882	0.029435	0.096315	0.40981	0.59492	0.48306	0.4419	0.32839	0.26576	0.18549	0.14261	0.10679	0.073901	0.045969	0.011987	0.0019017	0.00074491	0.00024202
0.0087465	0.075143	0.10312	0.12927	0.14942	0.19179	0.24858	0.37672	0.45492	0.50906	0.67036	0.85874	0.93855	1	0.87676	0.85895	0.66097	0.54573	0.3987	0.29141	0.14386	0.086686	0.046569	0.032661	0.021849	0.016681	0.013952	0.012859	0.011204	0.0038035	0.00078707	0.00032949	0.00013348
0.033016	0.35254	0.49797	0.60149	0.65736	0.78336	0.73926	0.776	0.72276	0.61365	0.4557	0.30535	0.17946	0.12249	0.073361	0.04487	0.020265	0.012304	0.0085751	0.0064746	0.0032885	0.002511	0.0020362	0.0023356	0.0027482	0.0036074	0.0036988	0.0031634	0.0022407	0.00069044	0.00012112	6.3737e-05	4.2452e-05];